000000000000000000000000000000
000000000000000000000000000000
000000000000000000000000000000
000000000000000000000000000000
000000000000000000000000000000
000000000000000000000000000000
000000000000000000000000000000
000000000000000000000000000000
000000000000000000000000000000
000000000000000000000000000000
000000000000000000000000000000
000000000000000000223222229223
000000000000000000200000000000
000000000000000000200000000000
000000000000000000200000000000
000000000000000000200000000000
000000000000000000300000000000
000000000000000000200000000000
000000000000000000200000000000
000000000000000000200000000000
000000000000000000200000000000
000000000000000000200000000000
000000000000000000200000000000
000000000000000000300000000000
000000000000000000200000000000
322222229222232222200000000000
000000000000000000000000000000
000000000000000000000000000000
000000000000000000000000000000
000000000000000000000000000000
