00000000010000000000000000000000000000000000000000
00000000010000000000000000000000000000000000000000
00000000080000000000000000000000000000000000000000
00000000010000000000000000000000000000000000000000
00000000010000000000000000000000000000000000000000
00000000030000000000000000000000000000000000000000
00000000010000000000000000000000000000000000000000
00000000010000000000000000000000000000000000000000
00000000010000000000000000000000000000000000000000
00000000010000000000000000000000000000000000000000
00000000010000000000000000000000000000000000000000
00000000080000000000000000000000000000000000000000
00000000010000000000000000000000000000000000000000
00000000010000000000000000000000000000000000000000
00000000010000000000000000000000000000000000000000
00000000010000000000000000000000000000000000000000
00000000010000000000000000000000000000000000000000
00000000080000000000000000000000000000000000000000
00000000010000000000000000000000000000000000000000
00000000011111181100000000000000000000000000000000
00000000000000000100000000000000000000000000000000
00000000000000000100000000000000000000000000000000
00000000000000000100000000000000000000000000000000
00000000000000000100000000000000000000000000000000
00000000000000000100000000000000000000000000000000
00000000000000000800000000000000000000000000000000
00000000000000000100000000000000000000000000000000
00000000000000000100000000000000000000000000000000
00000000000000000100000000000000000000000000000000
00000000000000000100000000000000000000000000000000
