00000000000000000000000000000000000000001000000000
00000000000000000000000000000000000000001000000000
00000000000000000000000000000000000000001000000000
00000000000000000000000000000000000000008000000000
00000000000000000000000000000000000000001000000000
00000000000000000000000000000000000000001000000000
00000000000000000000000000000000000000003000000000
00000000000000000000000000000000000000001000000000
00000000000000000000000000000000000000008000000000
00000000000000000000000000000000000000001000000000
00000000000000000000000000000000000000001000000000
00000000000000000000000000000000000000001000000000
00000000000000000000000000000000000000001000000000
00000000000000000000000000000000000000001000000000
00000000000000000000000000000000000000001000000000
00000000000000000000000000000000000000008000000000
00000000000000000000000000000000000000001000000000
00000000000000000000000000000000000000001000000000
00000000000000000000000000000000000000001000011811
00000000000000000000000000000000000000001113110000
00000000000000000000000000000000000000000000000000
00000000000000000000000000000000000000000000000000
00000000000000000000000000000000000000000000000000
00000000000000000000000000000000000000000000000000
00000000000000000000000000000000000000000000000000
00000000000000000000000000000000000000000000000000
00000000000000000000000000000000000000000000000000
00000000000000000000000000000000000000000000000000
00000000000000000000000000000000000000000000000000
00000000000000000000000000000000000000000000000000
