00000000000000000000000000000000000000000200000000
00000000000000000000000000000000000000000200000000
00000000000000000000000000000000000000000200000000
00000000000000000000000000000000000000000200000000
00000000000000000000000000000000000000000200000000
00000000000000000000000000000000000000000200000000
00000000000000000000000000000000000000000900000000
00000000000000000000000000000000000000000200000000
00000000000000000000000000000000000000000200000000
00000000000000000000000000000000000000000200000000
00000000000000000000000000000000000000000200000000
00000000000000000000000000000000000000000200000000
00000000000000000000000000000000000000000200000000
00000000000000000000000000000000000000000200000000
00000000000000000000000000000000000000000200000000
00000000000000000000000000000000000000000200000000
00000000000000000000000000000000000000000200000000
00000000000000000000000000000000000000000222000000
00000000000000000000000000000000000000000002000000
00000000000000000000000000000000000000000009000000
00000000000000000000000000000000000000000002000000
00000000000000000000000000000000000000000002000000
00000000000000000000000000000000000000000222000000
00000000000000000000000000000000000000000200000000
00000000000000000000000000000000000000000300000000
00000000000000000000000000000000000000000200000000
00000000000000000000000000000000000000000200000000
00000000000000000000000000000000000000000200000000
00000000000000000000000000000000000000000200000000
00000000000000000000000000000000000000000900000000
