000000001000000000000000000000
000000001000000000000000000000
000000001000000000000000000000
000000001000000000000000000000
000000001000000000000000000000
000000001000000000000000000000
000000008000000000000000000000
000000001000000000000000000000
000000001000000000000000000000
000000001000000000000000000000
000000001000000000000000000000
000000001000000000000000000000
000000001000000000000000000000
000000001000000000000000000000
000000007000000000000000000000
000000001000000000000000000000
000000001000000000000000000000
000000001000000000000000000000
000000001000000000000000000000
000000001000000000000000000000
000000001000000000000000000000
000000001000000000000000000000
000000001000000000000000000000
111718111000000000000000000000
100000000000000000000000000000
300000000000000000000000000000
100000000000000000000000000000
100000000000000000000000000000
100000000000000000000000000000
100000000000000000000000000000
