00000000000000000000000000000000000000000000000000
00000000000000000000000000000000000000000000000000
00000000000000000000000000000000000000000000000000
00000000000000000000000000000000000000000000000000
00000000000000000000000000000000000000000000000000
00000000000000000000000000000000000000000000000000
00000000000000000000000000000000000000000080000000
00000000000000000000000000000000000000000010000000
00000000000000000000000000000000000000000010000000
00000000000000000000000000000000000000000010000000
00000000000000000000000000000000000000000010000000
00000000000000000000000000000000000000000010000000
00000000000000000000000000000000000000000010000000
00000000000000000000000000000000000000000010000000
00000000000000000000000000000000000000000010000000
00000000000000000000000000000000000000000010000000
00000000000000000000000000000000000000000010000000
00000000000000000000000000000000000000000010000000
00000000000000000000000000000000000000000010000000
00000000000000000000000000000000000000000010000000
00000000000000000000000000000000000000000010000000
00000000000000000000000000000000000000000010000000
00000000000000000000000000000000000000000010000000
11811111111171111111811111111111111171111110000000
00000000000000000000000000000000000000000000000000
00000000000000000000000000000000000000000000000000
00000000000000000000000000000000000000000000000000
00000000000000000000000000000000000000000000000000
00000000000000000000000000000000000000000000000000
00000000000000000000000000000000000000000000000000
