00000000000000000000000000000000001111711111111118
00000000000000000000000000000000001000000000000000
00000000000000000000000000000000008000000000000000
00000000000000000000000000000000001111111110000000
00000000000000000000000000000000000000000010000000
00000000000000000000000000000000000000000010000000
00000000000000000000000000000000000000000080000000
00000000000000000000000000000000000000000010000000
00000000000000000000000000000000000000000010000000
00000000000000000000000000000000000000000010000000
00000000000000000000000000000000000000000010000000
00000000000000000000000000000000000000000010000000
00000000000000000000000000000000000000000010000000
00000000000000000000000000000000000000000010000000
00000000000000000000000000000000000000000010000000
00000000000000000000000000000000000000000010000000
00000000000000000000000000000000000000000010000000
00000000000000000000000000000000000000000010000000
00000000000000000000000000000000000000000010000000
00000000000000000000000000000000000000000010000000
00000000000000000000000000000000000000000010000000
00000000000000000000000000000000000000000010000000
00000000000000000000000000000000000000000010000000
00000000000000000000000000000000000000000011111811
00000000000000000000000000000000000000000000000000
00000000000000000000000000000000000000000000000000
00000000000000000000000000000000000000000000000000
00000000000000000000000000000000000000000000000000
00000000000000000000000000000000000000000000000000
00000000000000000000000000000000000000000000000000
